23 1532486174 74467992.800000 -1.000000 -101.000000 0.000000 0.000000
23 1532486175 74467992.800000 -1.000000 -101.000000 0.000000 0.000000
23 1532486176 74467992.800000 -1.000000 -101.000000 0.000000 0.000000
23 1532486177 74467992.800000 -1.000000 -101.000000 0.000000 0.000000
23 1532486178 74467992.800000 -1.000000 -101.000000 0.000000 0.000000
23 1532486179 1548765.600000 -1.000000 -101.000000 0.000000 0.000000
23 1532486180 1548765.600000 -1.000000 -101.000000 0.000000 0.000000
23 1532486181 1548765.600000 -1.000000 -101.000000 0.000000 0.000000
23 1532486182 1548765.600000 -1.000000 -101.000000 0.000000 0.000000
23 1532486183 1548765.600000 -1.000000 -101.000000 0.000000 0.000000
23 1532486184 1278681.400000 -1.000000 -101.000000 0.000000 0.000000
23 1532486185 1278681.400000 -1.000000 -101.000000 0.000000 0.000000
23 1532486186 1278681.400000 -1.000000 -101.000000 0.000000 0.000000
23 1532486187 1278681.400000 -1.000000 -101.000000 0.000000 0.000000
23 1532486188 1278681.400000 -1.000000 -101.000000 0.000000 0.000000
23 1532486189 19120061.600000 -1.000000 -101.000000 0.000000 0.000000
23 1532486190 19120061.600000 -1.000000 -101.000000 0.000000 0.000000
23 1532486191 19120061.600000 -1.000000 -101.000000 0.000000 0.000000
23 1532486192 19120061.600000 -1.000000 -101.000000 0.000000 0.000000
23 1532486193 19120061.600000 -1.000000 -101.000000 0.000000 0.000000
23 1532486194 1127944.200000 -1.000000 -101.000000 0.000000 0.000000
23 1532486195 1127944.200000 -1.000000 -101.000000 0.000000 0.000000
23 1532486196 1127944.200000 -1.000000 -101.000000 0.000000 0.000000
23 1532486197 1127944.200000 -1.000000 -101.000000 0.000000 0.000000
23 1532486198 1127944.200000 -1.000000 -101.000000 0.000000 0.000000
23 1532486199 1417955.400000 -1.000000 -101.000000 0.000000 0.000000
23 1532486200 1417955.400000 -1.000000 -101.000000 0.000000 0.000000
23 1532486201 1417955.400000 -1.000000 -101.000000 0.000000 0.000000
23 1532486202 1417955.400000 -1.000000 -101.000000 0.000000 0.000000
23 1532486203 1417955.400000 -1.000000 -101.000000 0.000000 0.000000
23 1532486204 1598435.200000 -1.000000 -101.000000 0.000000 0.000000
23 1532486205 1598435.200000 -1.000000 -101.000000 0.000000 0.000000
23 1532486206 1598435.200000 -1.000000 -101.000000 0.000000 0.000000
23 1532486207 1598435.200000 -1.000000 -101.000000 0.000000 0.000000
23 1532486208 1598435.200000 -1.000000 -101.000000 0.000000 0.000000
23 1532486209 1131793.800000 -1.000000 -101.000000 0.000000 0.000000
23 1532486210 1131793.800000 -1.000000 -101.000000 0.000000 0.000000
23 1532486211 1131793.800000 -1.000000 -101.000000 0.000000 0.000000
23 1532486212 1131793.800000 -1.000000 -101.000000 0.000000 0.000000
23 1532486213 1131793.800000 -1.000000 -101.000000 0.000000 0.000000
23 1532486214 1226133.800000 -1.000000 -101.000000 0.000000 0.000000
23 1532486215 1226133.800000 -1.000000 -101.000000 0.000000 0.000000
23 1532486216 1226133.800000 -1.000000 -101.000000 0.000000 0.000000
23 1532486217 1226133.800000 -1.000000 -101.000000 0.000000 0.000000
23 1532486218 1226133.800000 -1.000000 -101.000000 0.000000 0.000000
23 1532486219 619421.400000 -1.000000 -101.000000 0.000000 0.000000
23 1532486220 619421.400000 -1.000000 -101.000000 0.000000 0.000000
23 1532486221 619421.400000 -1.000000 -101.000000 0.000000 0.000000
23 1532486222 619421.400000 -1.000000 -101.000000 0.000000 0.000000
23 1532486223 619421.400000 -1.000000 -101.000000 0.000000 0.000000
23 1532486224 536780.800000 -1.000000 -101.000000 0.000000 0.000000
23 1532486225 536780.800000 -1.000000 -101.000000 0.000000 0.000000
23 1532486226 536780.800000 -1.000000 -101.000000 0.000000 0.000000
23 1532486227 536780.800000 -1.000000 -101.000000 0.000000 0.000000
23 1532486228 536780.800000 -1.000000 -101.000000 0.000000 0.000000
23 1532486229 568305.800000 -1.000000 -101.000000 0.000000 0.000000
23 1532486230 568305.800000 -1.000000 -101.000000 0.000000 0.000000
23 1532486231 568305.800000 -1.000000 -101.000000 0.000000 0.000000
23 1532486232 568305.800000 -1.000000 -101.000000 0.000000 0.000000
23 1532486233 568305.800000 -1.000000 -101.000000 0.000000 0.000000
23 1532486234 437513.800000 -1.000000 -101.000000 0.000000 0.000000
23 1532486235 437513.800000 -1.000000 -101.000000 0.000000 0.000000
23 1532486236 437513.800000 -1.000000 -101.000000 0.000000 0.000000
23 1532486237 437513.800000 -1.000000 -101.000000 0.000000 0.000000
23 1532486238 437513.800000 -1.000000 -101.000000 0.000000 0.000000
23 1532486239 564061.600000 -1.000000 -101.000000 0.000000 0.000000
23 1532486240 564061.600000 -1.000000 -101.000000 0.000000 0.000000
23 1532486241 564061.600000 -1.000000 -101.000000 0.000000 0.000000
23 1532486242 564061.600000 -1.000000 -101.000000 0.000000 0.000000
23 1532486243 564061.600000 -1.000000 -101.000000 0.000000 0.000000
23 1532486244 347315.000000 -1.000000 -101.000000 0.000000 0.000000
23 1532486245 347315.000000 -1.000000 -101.000000 0.000000 0.000000
23 1532486246 347315.000000 -1.000000 -101.000000 0.000000 0.000000
23 1532486247 347315.000000 -1.000000 -101.000000 0.000000 0.000000
23 1532486248 347315.000000 -1.000000 -101.000000 0.000000 0.000000
23 1532486249 549217.200000 -1.000000 -101.000000 0.000000 0.000000
23 1532486250 549217.200000 -1.000000 -101.000000 0.000000 0.000000
23 1532486251 549217.200000 -1.000000 -101.000000 0.000000 0.000000
23 1532486252 549217.200000 -1.000000 -101.000000 0.000000 0.000000
23 1532486253 549217.200000 -1.000000 -101.000000 0.000000 0.000000
23 1532486254 495916.400000 -1.000000 -101.000000 0.000000 0.000000
23 1532486255 495916.400000 -1.000000 -101.000000 0.000000 0.000000
23 1532486256 495916.400000 -1.000000 -101.000000 0.000000 0.000000
23 1532486257 495916.400000 -1.000000 -101.000000 0.000000 0.000000
23 1532486258 495916.400000 -1.000000 -101.000000 0.000000 0.000000
23 1532486259 490847.600000 -1.000000 -101.000000 0.000000 0.000000
23 1532486260 490847.600000 -1.000000 -101.000000 0.000000 0.000000
23 1532486261 490847.600000 -1.000000 -101.000000 0.000000 0.000000
23 1532486262 490847.600000 -1.000000 -101.000000 0.000000 0.000000
23 1532486263 490847.600000 -1.000000 -101.000000 0.000000 0.000000
23 1532486264 531865.600000 -1.000000 -101.000000 0.000000 0.000000
23 1532486265 531865.600000 -1.000000 -101.000000 0.000000 0.000000
23 1532486266 531865.600000 -1.000000 -101.000000 0.000000 0.000000
23 1532486267 531865.600000 -1.000000 -101.000000 0.000000 0.000000
23 1532486268 531865.600000 -1.000000 -101.000000 0.000000 0.000000
23 1532486269 439091.200000 -1.000000 -101.000000 0.000000 0.000000
23 1532486270 439091.200000 -1.000000 -101.000000 0.000000 0.000000
23 1532486271 439091.200000 -1.000000 -101.000000 0.000000 0.000000
23 1532486272 439091.200000 -1.000000 -101.000000 0.000000 0.000000
23 1532486273 439091.200000 -1.000000 -101.000000 0.000000 0.000000
23 1532486274 603931.600000 -1.000000 -101.000000 0.000000 0.000000
23 1532486275 603931.600000 -1.000000 -101.000000 0.000000 0.000000
23 1532486276 603931.600000 -1.000000 -101.000000 0.000000 0.000000
23 1532486277 603931.600000 -1.000000 -101.000000 0.000000 0.000000
23 1532486278 603931.600000 -1.000000 -101.000000 0.000000 0.000000
23 1532486279 432107.200000 -1.000000 -101.000000 0.000000 0.000000
23 1532486280 432107.200000 -1.000000 -101.000000 0.000000 0.000000
23 1532486281 432107.200000 -1.000000 -101.000000 0.000000 0.000000
23 1532486282 432107.200000 -1.000000 -101.000000 0.000000 0.000000
23 1532486283 432107.200000 -1.000000 -101.000000 0.000000 0.000000
23 1532486284 508001.200000 -1.000000 -101.000000 0.000000 0.000000
23 1532486285 508001.200000 -1.000000 -101.000000 0.000000 0.000000
23 1532486286 508001.200000 -1.000000 -101.000000 0.000000 0.000000
23 1532486287 508001.200000 -1.000000 -101.000000 0.000000 0.000000
23 1532486288 508001.200000 -1.000000 -101.000000 0.000000 0.000000
23 1532486289 65005.200000 -1.000000 -101.000000 0.000000 0.000000
23 1532486290 65005.200000 -1.000000 -101.000000 0.000000 0.000000
23 1532486291 65005.200000 -1.000000 -101.000000 0.000000 0.000000
23 1532486292 65005.200000 -1.000000 -101.000000 0.000000 0.000000
23 1532486293 65005.200000 -1.000000 -101.000000 0.000000 0.000000
23 1532486294 73936766.400000 -1.000000 -101.000000 0.000000 0.000000
23 1532486295 73936766.400000 -1.000000 -101.000000 0.000000 0.000000
23 1532486296 73936766.400000 -1.000000 -101.000000 0.000000 0.000000
23 1532486297 73936766.400000 -1.000000 -101.000000 0.000000 0.000000
23 1532486298 73936766.400000 -1.000000 -101.000000 0.000000 0.000000
23 1532486299 308019.600000 -1.000000 -101.000000 0.000000 0.000000
23 1532486300 308019.600000 -1.000000 -101.000000 0.000000 0.000000
23 1532486301 308019.600000 -1.000000 -101.000000 0.000000 0.000000
23 1532486302 308019.600000 -1.000000 -101.000000 0.000000 0.000000
23 1532486303 308019.600000 -1.000000 -101.000000 0.000000 0.000000
23 1532486304 13488769.200000 -1.000000 -101.000000 0.000000 0.000000
23 1532486305 13488769.200000 -1.000000 -101.000000 0.000000 0.000000
23 1532486306 13488769.200000 -1.000000 -101.000000 0.000000 0.000000
23 1532486307 13488769.200000 -1.000000 -101.000000 0.000000 0.000000
23 1532486308 13488769.200000 -1.000000 -101.000000 0.000000 0.000000
23 1532486309 6044498.000000 -1.000000 -101.000000 0.000000 0.000000
23 1532486310 6044498.000000 -1.000000 -101.000000 0.000000 0.000000
23 1532486311 6044498.000000 -1.000000 -101.000000 0.000000 0.000000
23 1532486312 6044498.000000 -1.000000 -101.000000 0.000000 0.000000
23 1532486313 6044498.000000 -1.000000 -101.000000 0.000000 0.000000
23 1532486314 307776.800000 -1.000000 -101.000000 0.000000 0.000000
23 1532486315 307776.800000 -1.000000 -101.000000 0.000000 0.000000
23 1532486316 307776.800000 -1.000000 -101.000000 0.000000 0.000000
23 1532486317 307776.800000 -1.000000 -101.000000 0.000000 0.000000
23 1532486318 307776.800000 -1.000000 -101.000000 0.000000 0.000000
23 1532486319 478617.600000 -1.000000 -101.000000 0.000000 0.000000
23 1532486320 478617.600000 -1.000000 -101.000000 0.000000 0.000000
23 1532486321 478617.600000 -1.000000 -101.000000 0.000000 0.000000
23 1532486322 478617.600000 -1.000000 -101.000000 0.000000 0.000000
23 1532486323 478617.600000 -1.000000 -101.000000 0.000000 0.000000
23 1532486324 455270.400000 -1.000000 -101.000000 0.000000 0.000000
23 1532486325 455270.400000 -1.000000 -101.000000 0.000000 0.000000
23 1532486326 455270.400000 -1.000000 -101.000000 0.000000 0.000000
23 1532486327 455270.400000 -1.000000 -101.000000 0.000000 0.000000
23 1532486328 455270.400000 -1.000000 -101.000000 0.000000 0.000000
23 1532486329 701644.800000 -1.000000 -101.000000 0.000000 0.000000
23 1532486330 701644.800000 -1.000000 -101.000000 0.000000 0.000000
23 1532486331 701644.800000 -1.000000 -101.000000 0.000000 0.000000
23 1532486332 701644.800000 -1.000000 -101.000000 0.000000 0.000000
23 1532486333 701644.800000 -1.000000 -101.000000 0.000000 0.000000
23 1532486334 426188.800000 -1.000000 -101.000000 0.000000 0.000000
23 1532486335 426188.800000 -1.000000 -101.000000 0.000000 0.000000
23 1532486336 426188.800000 -1.000000 -101.000000 0.000000 0.000000
23 1532486337 426188.800000 -1.000000 -101.000000 0.000000 0.000000
23 1532486338 426188.800000 -1.000000 -101.000000 0.000000 0.000000
23 1532486339 266854.400000 -1.000000 -101.000000 0.000000 0.000000
23 1532486340 266854.400000 -1.000000 -101.000000 0.000000 0.000000
23 1532486341 266854.400000 -1.000000 -101.000000 0.000000 0.000000
23 1532486342 266854.400000 -1.000000 -101.000000 0.000000 0.000000
23 1532486343 266854.400000 -1.000000 -101.000000 0.000000 0.000000
23 1532486344 244121.600000 -1.000000 -101.000000 0.000000 0.000000
23 1532486345 244121.600000 -1.000000 -101.000000 0.000000 0.000000
23 1532486346 244121.600000 -1.000000 -101.000000 0.000000 0.000000
23 1532486347 244121.600000 -1.000000 -101.000000 0.000000 0.000000
23 1532486348 244121.600000 -1.000000 -101.000000 0.000000 0.000000
23 1532486349 235520.000000 -1.000000 -101.000000 0.000000 0.000000
23 1532486350 235520.000000 -1.000000 -101.000000 0.000000 0.000000
23 1532486351 235520.000000 -1.000000 -101.000000 0.000000 0.000000
23 1532486352 235520.000000 -1.000000 -101.000000 0.000000 0.000000
23 1532486353 235520.000000 -1.000000 -101.000000 0.000000 0.000000
23 1532486354 450754.000000 -1.000000 -101.000000 0.000000 0.000000
23 1532486355 450754.000000 -1.000000 -101.000000 0.000000 0.000000
23 1532486356 450754.000000 -1.000000 -101.000000 0.000000 0.000000
23 1532486357 450754.000000 -1.000000 -101.000000 0.000000 0.000000
23 1532486358 450754.000000 -1.000000 -101.000000 0.000000 0.000000
23 1532486359 358400.000000 -1.000000 -101.000000 0.000000 0.000000
23 1532486360 358400.000000 -1.000000 -101.000000 0.000000 0.000000
23 1532486361 358400.000000 -1.000000 -101.000000 0.000000 0.000000
23 1532486362 358400.000000 -1.000000 -101.000000 0.000000 0.000000
23 1532486363 358400.000000 -1.000000 -101.000000 0.000000 0.000000
23 1532486364 744243.200000 -1.000000 -101.000000 0.000000 0.000000
23 1532486365 744243.200000 -1.000000 -101.000000 0.000000 0.000000
23 1532486366 744243.200000 -1.000000 -101.000000 0.000000 0.000000
23 1532486367 744243.200000 -1.000000 -101.000000 0.000000 0.000000
23 1532486368 744243.200000 -1.000000 -101.000000 0.000000 0.000000
23 1532486369 1171456.000000 -1.000000 -101.000000 0.000000 0.000000
23 1532486370 1171456.000000 -1.000000 -101.000000 0.000000 0.000000
23 1532486371 1171456.000000 -1.000000 -101.000000 0.000000 0.000000
23 1532486372 1171456.000000 -1.000000 -101.000000 0.000000 0.000000
23 1532486373 1171456.000000 -1.000000 -101.000000 0.000000 0.000000
23 1532486374 1173031.600000 -1.000000 -101.000000 0.000000 0.000000
23 1532486375 1173031.600000 -1.000000 -101.000000 0.000000 0.000000
23 1532486376 1173031.600000 -1.000000 -101.000000 0.000000 0.000000
23 1532486377 1173031.600000 -1.000000 -101.000000 0.000000 0.000000
23 1532486378 1173031.600000 -1.000000 -101.000000 0.000000 0.000000
23 1532486379 1078521.600000 -1.000000 -101.000000 0.000000 0.000000
23 1532486380 1078521.600000 -1.000000 -101.000000 0.000000 0.000000
23 1532486381 1078521.600000 -1.000000 -101.000000 0.000000 0.000000
23 1532486382 1078521.600000 -1.000000 -101.000000 0.000000 0.000000
23 1532486383 1078521.600000 -1.000000 -101.000000 0.000000 0.000000
23 1532486384 1020825.400000 -1.000000 -101.000000 0.000000 0.000000
23 1532486385 1020825.400000 -1.000000 -101.000000 0.000000 0.000000
23 1532486386 1020825.400000 -1.000000 -101.000000 0.000000 0.000000
23 1532486387 1020825.400000 -1.000000 -101.000000 0.000000 0.000000
23 1532486388 1020825.400000 -1.000000 -101.000000 0.000000 0.000000
23 1532486389 574054.400000 -1.000000 -101.000000 0.000000 0.000000
23 1532486390 574054.400000 -1.000000 -101.000000 0.000000 0.000000
23 1532486391 574054.400000 -1.000000 -101.000000 0.000000 0.000000
23 1532486392 574054.400000 -1.000000 -101.000000 0.000000 0.000000
23 1532486393 574054.400000 -1.000000 -101.000000 0.000000 0.000000
23 1532486394 388254.800000 -1.000000 -101.000000 0.000000 0.000000
23 1532486395 388254.800000 -1.000000 -101.000000 0.000000 0.000000
23 1532486396 388254.800000 -1.000000 -101.000000 0.000000 0.000000
23 1532486397 388254.800000 -1.000000 -101.000000 0.000000 0.000000
23 1532486398 388254.800000 -1.000000 -101.000000 0.000000 0.000000
23 1532486399 466124.800000 -1.000000 -101.000000 0.000000 0.000000
23 1532486400 466124.800000 -1.000000 -101.000000 0.000000 0.000000
23 1532486401 466124.800000 -1.000000 -101.000000 0.000000 0.000000
23 1532486402 466124.800000 -1.000000 -101.000000 0.000000 0.000000
23 1532486403 466124.800000 -1.000000 -101.000000 0.000000 0.000000
23 1532486404 351184.200000 -1.000000 -101.000000 0.000000 0.000000
23 1532486405 351184.200000 -1.000000 -101.000000 0.000000 0.000000
23 1532486406 351184.200000 -1.000000 -101.000000 0.000000 0.000000
23 1532486407 351184.200000 -1.000000 -101.000000 0.000000 0.000000
23 1532486408 351184.200000 -1.000000 -101.000000 0.000000 0.000000
23 1532486409 4384358.800000 -1.000000 -101.000000 0.000000 0.000000
23 1532486410 4384358.800000 -1.000000 -101.000000 0.000000 0.000000
23 1532486411 4384358.800000 -1.000000 -101.000000 0.000000 0.000000
23 1532486412 4384358.800000 -1.000000 -101.000000 0.000000 0.000000
23 1532486413 4384358.800000 -1.000000 -101.000000 0.000000 0.000000
23 1532486414 69008970.000000 -1.000000 -101.000000 0.000000 0.000000
23 1532486415 69008970.000000 -1.000000 -101.000000 0.000000 0.000000
23 1532486416 69008970.000000 -1.000000 -101.000000 0.000000 0.000000
23 1532486417 69008970.000000 -1.000000 -101.000000 0.000000 0.000000
23 1532486418 69008970.000000 -1.000000 -101.000000 0.000000 0.000000
23 1532486419 1979910.400000 -1.000000 -101.000000 0.000000 0.000000
23 1532486420 1979910.400000 -1.000000 -101.000000 0.000000 0.000000
23 1532486421 1979910.400000 -1.000000 -101.000000 0.000000 0.000000
23 1532486422 1979910.400000 -1.000000 -101.000000 0.000000 0.000000
23 1532486423 1979910.400000 -1.000000 -101.000000 0.000000 0.000000
23 1532486424 8030291.200000 -1.000000 -101.000000 0.000000 0.000000
23 1532486425 8030291.200000 -1.000000 -101.000000 0.000000 0.000000
23 1532486426 8030291.200000 -1.000000 -101.000000 0.000000 0.000000
23 1532486427 8030291.200000 -1.000000 -101.000000 0.000000 0.000000
23 1532486428 8030291.200000 -1.000000 -101.000000 0.000000 0.000000
23 1532486429 11766716.000000 -1.000000 -101.000000 0.000000 0.000000
23 1532486430 11766716.000000 -1.000000 -101.000000 0.000000 0.000000
23 1532486431 11766716.000000 -1.000000 -101.000000 0.000000 0.000000
23 1532486432 11766716.000000 -1.000000 -101.000000 0.000000 0.000000
23 1532486433 11766716.000000 -1.000000 -101.000000 0.000000 0.000000
23 1532486434 511857.800000 -1.000000 -101.000000 0.000000 0.000000
23 1532486435 511857.800000 -1.000000 -101.000000 0.000000 0.000000
23 1532486436 511857.800000 -1.000000 -101.000000 0.000000 0.000000
23 1532486437 511857.800000 -1.000000 -101.000000 0.000000 0.000000
23 1532486438 511857.800000 -1.000000 -101.000000 0.000000 0.000000
23 1532486439 743553.600000 -1.000000 -101.000000 0.000000 0.000000
23 1532486440 743553.600000 -1.000000 -101.000000 0.000000 0.000000
23 1532486441 743553.600000 -1.000000 -101.000000 0.000000 0.000000
23 1532486442 743553.600000 -1.000000 -101.000000 0.000000 0.000000
23 1532486443 743553.600000 -1.000000 -101.000000 0.000000 0.000000
23 1532486444 423554.000000 -1.000000 -101.000000 0.000000 0.000000
23 1532486445 423554.000000 -1.000000 -101.000000 0.000000 0.000000
23 1532486446 423554.000000 -1.000000 -101.000000 0.000000 0.000000
23 1532486447 423554.000000 -1.000000 -101.000000 0.000000 0.000000
23 1532486448 423554.000000 -1.000000 -101.000000 0.000000 0.000000
23 1532486449 449120.600000 -1.000000 -101.000000 0.000000 0.000000
23 1532486450 449120.600000 -1.000000 -101.000000 0.000000 0.000000
23 1532486451 449120.600000 -1.000000 -101.000000 0.000000 0.000000
23 1532486452 449120.600000 -1.000000 -101.000000 0.000000 0.000000
23 1532486453 449120.600000 -1.000000 -101.000000 0.000000 0.000000
23 1532486454 202550.400000 -1.000000 -101.000000 0.000000 0.000000
23 1532486455 202550.400000 -1.000000 -101.000000 0.000000 0.000000
23 1532486456 202550.400000 -1.000000 -101.000000 0.000000 0.000000
23 1532486457 202550.400000 -1.000000 -101.000000 0.000000 0.000000
23 1532486458 202550.400000 -1.000000 -101.000000 0.000000 0.000000
23 1532486459 228556.800000 -1.000000 -101.000000 0.000000 0.000000
23 1532486460 228556.800000 -1.000000 -101.000000 0.000000 0.000000
23 1532486461 228556.800000 -1.000000 -101.000000 0.000000 0.000000
23 1532486462 228556.800000 -1.000000 -101.000000 0.000000 0.000000
23 1532486463 228556.800000 -1.000000 -101.000000 0.000000 0.000000
23 1532486464 328442.400000 -1.000000 -101.000000 0.000000 0.000000
23 1532486465 328442.400000 -1.000000 -101.000000 0.000000 0.000000
23 1532486466 328442.400000 -1.000000 -101.000000 0.000000 0.000000
23 1532486467 328442.400000 -1.000000 -101.000000 0.000000 0.000000
23 1532486468 328442.400000 -1.000000 -101.000000 0.000000 0.000000
23 1532486469 430819.200000 -1.000000 -101.000000 0.000000 0.000000
23 1532486470 430819.200000 -1.000000 -101.000000 0.000000 0.000000
23 1532486471 430819.200000 -1.000000 -101.000000 0.000000 0.000000
23 1532486472 430819.200000 -1.000000 -101.000000 0.000000 0.000000
23 1532486473 430819.200000 -1.000000 -101.000000 0.000000 0.000000
23 1532486474 522854.400000 -1.000000 -101.000000 0.000000 0.000000
23 1532486475 522854.400000 -1.000000 -101.000000 0.000000 0.000000
23 1532486476 522854.400000 -1.000000 -101.000000 0.000000 0.000000
23 1532486477 522854.400000 -1.000000 -101.000000 0.000000 0.000000
23 1532486478 522854.400000 -1.000000 -101.000000 0.000000 0.000000
23 1532486479 735495.200000 -1.000000 -101.000000 0.000000 0.000000
23 1532486480 735495.200000 -1.000000 -101.000000 0.000000 0.000000
23 1532486481 735495.200000 -1.000000 -101.000000 0.000000 0.000000
23 1532486482 735495.200000 -1.000000 -101.000000 0.000000 0.000000
23 1532486483 735495.200000 -1.000000 -101.000000 0.000000 0.000000
23 1532486484 634402.800000 -1.000000 -101.000000 0.000000 0.000000
23 1532486485 634402.800000 -1.000000 -101.000000 0.000000 0.000000
23 1532486486 634402.800000 -1.000000 -101.000000 0.000000 0.000000
23 1532486487 634402.800000 -1.000000 -101.000000 0.000000 0.000000
23 1532486488 634402.800000 -1.000000 -101.000000 0.000000 0.000000
23 1532486489 651673.600000 -1.000000 -101.000000 0.000000 0.000000
23 1532486490 651673.600000 -1.000000 -101.000000 0.000000 0.000000
23 1532486491 651673.600000 -1.000000 -101.000000 0.000000 0.000000
23 1532486492 651673.600000 -1.000000 -101.000000 0.000000 0.000000
23 1532486493 651673.600000 -1.000000 -101.000000 0.000000 0.000000
23 1532486494 990412.800000 -1.000000 -101.000000 0.000000 0.000000
23 1532486495 990412.800000 -1.000000 -101.000000 0.000000 0.000000
23 1532486496 990412.800000 -1.000000 -101.000000 0.000000 0.000000
23 1532486497 990412.800000 -1.000000 -101.000000 0.000000 0.000000
23 1532486498 990412.800000 -1.000000 -101.000000 0.000000 0.000000
23 1532486499 1082672.000000 -1.000000 -101.000000 0.000000 0.000000
23 1532486500 1082672.000000 -1.000000 -101.000000 0.000000 0.000000
23 1532486501 1082672.000000 -1.000000 -101.000000 0.000000 0.000000
23 1532486502 1082672.000000 -1.000000 -101.000000 0.000000 0.000000
23 1532486503 1082672.000000 -1.000000 -101.000000 0.000000 0.000000
23 1532486504 1159268.000000 -1.000000 -101.000000 0.000000 0.000000
23 1532486505 1159268.000000 -1.000000 -101.000000 0.000000 0.000000
23 1532486506 1159268.000000 -1.000000 -101.000000 0.000000 0.000000
23 1532486507 1159268.000000 -1.000000 -101.000000 0.000000 0.000000
23 1532486508 1159268.000000 -1.000000 -101.000000 0.000000 0.000000
23 1532486509 672972.800000 -1.000000 -101.000000 0.000000 0.000000
23 1532486510 672972.800000 -1.000000 -101.000000 0.000000 0.000000
23 1532486511 672972.800000 -1.000000 -101.000000 0.000000 0.000000
23 1532486512 672972.800000 -1.000000 -101.000000 0.000000 0.000000
23 1532486513 672972.800000 -1.000000 -101.000000 0.000000 0.000000
23 1532486514 575600.200000 -1.000000 -101.000000 0.000000 0.000000
23 1532486515 575600.200000 -1.000000 -101.000000 0.000000 0.000000
23 1532486516 575600.200000 -1.000000 -101.000000 0.000000 0.000000
23 1532486517 575600.200000 -1.000000 -101.000000 0.000000 0.000000
23 1532486518 575600.200000 -1.000000 -101.000000 0.000000 0.000000
23 1532486519 577740.800000 -1.000000 -101.000000 0.000000 0.000000
23 1532486520 577740.800000 -1.000000 -101.000000 0.000000 0.000000
23 1532486521 577740.800000 -1.000000 -101.000000 0.000000 0.000000
23 1532486522 577740.800000 -1.000000 -101.000000 0.000000 0.000000
23 1532486523 577740.800000 -1.000000 -101.000000 0.000000 0.000000
23 1532486524 685056.000000 -1.000000 -101.000000 0.000000 0.000000
23 1532486525 685056.000000 -1.000000 -101.000000 0.000000 0.000000
23 1532486526 685056.000000 -1.000000 -101.000000 0.000000 0.000000
23 1532486527 685056.000000 -1.000000 -101.000000 0.000000 0.000000
23 1532486528 685056.000000 -1.000000 -101.000000 0.000000 0.000000
23 1532486529 932809.000000 -1.000000 -101.000000 0.000000 0.000000
23 1532486530 932809.000000 -1.000000 -101.000000 0.000000 0.000000
23 1532486531 932809.000000 -1.000000 -101.000000 0.000000 0.000000
23 1532486532 932809.000000 -1.000000 -101.000000 0.000000 0.000000
23 1532486533 932809.000000 -1.000000 -101.000000 0.000000 0.000000
23 1532486534 312115.200000 -1.000000 -101.000000 0.000000 0.000000
23 1532486535 312115.200000 -1.000000 -101.000000 0.000000 0.000000
23 1532486536 312115.200000 -1.000000 -101.000000 0.000000 0.000000
23 1532486537 312115.200000 -1.000000 -101.000000 0.000000 0.000000
23 1532486538 312115.200000 -1.000000 -101.000000 0.000000 0.000000
23 1532486539 638533.600000 -1.000000 -101.000000 0.000000 0.000000
23 1532486540 638533.600000 -1.000000 -101.000000 0.000000 0.000000
23 1532486541 638533.600000 -1.000000 -101.000000 0.000000 0.000000
23 1532486542 638533.600000 -1.000000 -101.000000 0.000000 0.000000
23 1532486543 638533.600000 -1.000000 -101.000000 0.000000 0.000000
23 1532486544 505731.000000 -1.000000 -101.000000 0.000000 0.000000
23 1532486545 505731.000000 -1.000000 -101.000000 0.000000 0.000000
23 1532486546 505731.000000 -1.000000 -101.000000 0.000000 0.000000
23 1532486547 505731.000000 -1.000000 -101.000000 0.000000 0.000000
23 1532486548 505731.000000 -1.000000 -101.000000 0.000000 0.000000
23 1532486544 3849752.000000 -1.000000 9577788.000000 9670972.000000 5929104510387.200195
23 1532486545 3849752.000000 -1.000000 9577788.000000 9670972.000000 5929104510387.200195
23 1532486546 3849752.000000 -1.000000 9577788.000000 9670972.000000 5929104510387.200195
23 1532486547 3849752.000000 -1.000000 9577788.000000 9670972.000000 5929104510387.200195
23 1532486548 3849752.000000 -1.000000 9577788.000000 9670972.000000 5929104510387.200195
23 1532486549 177152.000000 -1.000000 431104.000000 454656.000000 12608602112.000000
23 1532486550 177152.000000 -1.000000 431104.000000 454656.000000 12608602112.000000
23 1532486551 177152.000000 -1.000000 431104.000000 454656.000000 12608602112.000000
23 1532486552 177152.000000 -1.000000 431104.000000 454656.000000 12608602112.000000
23 1532486553 177152.000000 -1.000000 431104.000000 454656.000000 12608602112.000000
23 1532486554 226099.200000 -1.000000 530432.000000 600064.000000 20933200838.656006
23 1532486555 226099.200000 -1.000000 530432.000000 600064.000000 20933200838.656006
23 1532486556 226099.200000 -1.000000 530432.000000 600064.000000 20933200838.656006
23 1532486557 226099.200000 -1.000000 530432.000000 600064.000000 20933200838.656006
23 1532486558 226099.200000 -1.000000 530432.000000 600064.000000 20933200838.656006
23 1532486559 469811.200000 -1.000000 1107968.000000 1241088.000000 90061118898.176010
23 1532486560 469811.200000 -1.000000 1107968.000000 1241088.000000 90061118898.176010
23 1532486561 469811.200000 -1.000000 1107968.000000 1241088.000000 90061118898.176010
23 1532486562 469811.200000 -1.000000 1107968.000000 1241088.000000 90061118898.176010
23 1532486563 469811.200000 -1.000000 1107968.000000 1241088.000000 90061118898.176010
23 1532486564 197017.600000 -1.000000 483328.000000 501760.000000 15560347746.304001
23 1532486565 197017.600000 -1.000000 483328.000000 501760.000000 15560347746.304001
23 1532486566 197017.600000 -1.000000 483328.000000 501760.000000 15560347746.304001
23 1532486567 197017.600000 -1.000000 483328.000000 501760.000000 15560347746.304001
23 1532486568 197017.600000 -1.000000 483328.000000 501760.000000 15560347746.304001
23 1532486569 613043.400000 -1.000000 1490944.000000 1574273.000000 151023256337.524017
23 1532486570 613043.400000 -1.000000 1490944.000000 1574273.000000 151023256337.524017
23 1532486571 613043.400000 -1.000000 1490944.000000 1574273.000000 151023256337.524017
23 1532486572 613043.400000 -1.000000 1490944.000000 1574273.000000 151023256337.524017
23 1532486573 613043.400000 -1.000000 1490944.000000 1574273.000000 151023256337.524017
23 1532486574 270486.800000 -1.000000 662258.000000 690176.000000 29343185062.095997
23 1532486575 270486.800000 -1.000000 662258.000000 690176.000000 29343185062.095997
23 1532486576 270486.800000 -1.000000 662258.000000 690176.000000 29343185062.095997
23 1532486577 270486.800000 -1.000000 662258.000000 690176.000000 29343185062.095997
23 1532486578 270486.800000 -1.000000 662258.000000 690176.000000 29343185062.095997
23 1532486579 388505.600000 -1.000000 929792.000000 1012736.000000 61062611206.143997
23 1532486580 388505.600000 -1.000000 929792.000000 1012736.000000 61062611206.143997
23 1532486581 388505.600000 -1.000000 929792.000000 1012736.000000 61062611206.143997
23 1532486582 388505.600000 -1.000000 929792.000000 1012736.000000 61062611206.143997
23 1532486583 388505.600000 -1.000000 929792.000000 1012736.000000 61062611206.143997
23 1532486584 910130.600000 -1.000000 2238461.000000 2312192.000000 331878709658.644043
23 1532486585 910130.600000 -1.000000 2238461.000000 2312192.000000 331878709658.644043
23 1532486586 910130.600000 -1.000000 2238461.000000 2312192.000000 331878709658.644043
23 1532486587 910130.600000 -1.000000 2238461.000000 2312192.000000 331878709658.644043
23 1532486588 910130.600000 -1.000000 2238461.000000 2312192.000000 331878709658.644043
23 1532486589 842881.800000 -1.000000 2058889.000000 2155520.000000 285113646524.596069
23 1532486590 842881.800000 -1.000000 2058889.000000 2155520.000000 285113646524.596069
23 1532486591 842881.800000 -1.000000 2058889.000000 2155520.000000 285113646524.596069
23 1532486592 842881.800000 -1.000000 2058889.000000 2155520.000000 285113646524.596069
23 1532486593 842881.800000 -1.000000 -101.000000 0.000000 0.000000
23 1532486594 630169.600000 -1.000000 -101.000000 0.000000 0.000000
23 1532486595 630169.600000 -1.000000 -101.000000 0.000000 0.000000
23 1532486596 630169.600000 -1.000000 -101.000000 0.000000 0.000000
23 1532486597 630169.600000 -1.000000 -101.000000 0.000000 0.000000
23 1532486598 630169.600000 -1.000000 -101.000000 0.000000 0.000000
23 1532486599 523107.800000 -1.000000 -101.000000 0.000000 0.000000
23 1532486600 523107.800000 -1.000000 -101.000000 0.000000 0.000000
23 1532486601 523107.800000 -1.000000 -101.000000 0.000000 0.000000
23 1532486602 523107.800000 -1.000000 -101.000000 0.000000 0.000000
23 1532486603 523107.800000 -1.000000 -101.000000 0.000000 0.000000
23 1532486666 411989.333333 -1.000000 411989.333333 411989.333333 0.000000
23 1532486665 411989.333333 -1.000000 411989.333333 411989.333333 0.000000
23 1532486664 411989.333333 -1.000000 411989.333333 411989.333333 0.000000
23 1532486663 529427.800000 -1.000000 529427.800000 529427.800000 0.000000
23 1532486662 529427.800000 -1.000000 529427.800000 529427.800000 0.000000
23 1532486661 529427.800000 -1.000000 529427.800000 529427.800000 0.000000
23 1532486660 529427.800000 -1.000000 529427.800000 529427.800000 0.000000
23 1532486659 529427.800000 -1.000000 529427.800000 529427.800000 0.000000
23 1532486658 889912.600000 -1.000000 889912.600000 889912.600000 0.000000
23 1532486657 889912.600000 -1.000000 889912.600000 889912.600000 0.000000
23 1532486656 889912.600000 -1.000000 889912.600000 889912.600000 0.000000
23 1532486655 889912.600000 -1.000000 889912.600000 889912.600000 0.000000
23 1532486654 889912.600000 -1.000000 889912.600000 889912.600000 0.000000
23 1532486653 1126809.600000 -1.000000 1126809.600000 1126809.600000 0.000000
23 1532486652 1126809.600000 -1.000000 1126809.600000 1126809.600000 0.000000
23 1532486651 1126809.600000 -1.000000 1126809.600000 1126809.600000 0.000000
23 1532486650 1126809.600000 -1.000000 1126809.600000 1126809.600000 0.000000
23 1532486649 1126809.600000 -1.000000 1126809.600000 1126809.600000 0.000000
23 1532486648 643686.400000 -1.000000 643686.400000 643686.400000 0.000000
23 1532486647 643686.400000 -1.000000 643686.400000 643686.400000 0.000000
23 1532486646 643686.400000 -1.000000 643686.400000 643686.400000 0.000000
23 1532486645 643686.400000 -1.000000 643686.400000 643686.400000 0.000000
23 1532486644 643686.400000 -1.000000 643686.400000 643686.400000 0.000000
23 1532486643 641843.200000 -1.000000 641843.200000 641843.200000 0.000000
23 1532486642 641843.200000 -1.000000 641843.200000 641843.200000 0.000000
23 1532486641 641843.200000 -1.000000 641843.200000 641843.200000 0.000000
23 1532486640 641843.200000 -1.000000 641843.200000 641843.200000 0.000000
23 1532486639 641843.200000 -1.000000 641843.200000 641843.200000 0.000000
23 1532486638 616864.400000 -1.000000 616864.400000 616864.400000 0.000000
23 1532486637 616864.400000 -1.000000 616864.400000 616864.400000 0.000000
23 1532486636 616864.400000 -1.000000 616864.400000 616864.400000 0.000000
23 1532486635 616864.400000 -1.000000 616864.400000 616864.400000 0.000000
23 1532486634 616864.400000 -1.000000 616864.400000 616864.400000 0.000000
23 1532486633 581883.400000 -1.000000 581883.400000 581883.400000 0.000000
23 1532486632 581883.400000 -1.000000 581883.400000 581883.400000 0.000000
23 1532486631 581883.400000 -1.000000 581883.400000 581883.400000 0.000000
23 1532486630 581883.400000 -1.000000 581883.400000 581883.400000 0.000000
23 1532486629 581883.400000 -1.000000 581883.400000 581883.400000 0.000000
23 1532486628 425639.600000 -1.000000 425639.600000 425639.600000 0.000000
23 1532486627 425639.600000 -1.000000 425639.600000 425639.600000 0.000000
23 1532486626 425639.600000 -1.000000 425639.600000 425639.600000 0.000000
23 1532486625 425639.600000 -1.000000 425639.600000 425639.600000 0.000000
23 1532486624 425639.600000 -1.000000 425639.600000 425639.600000 0.000000
23 1532486623 461186.000000 -1.000000 461186.000000 461186.000000 0.000000
23 1532486622 461186.000000 -1.000000 461186.000000 461186.000000 0.000000
23 1532486621 461186.000000 -1.000000 461186.000000 461186.000000 0.000000
23 1532486620 461186.000000 -1.000000 461186.000000 461186.000000 0.000000
23 1532486619 461186.000000 -1.000000 461186.000000 461186.000000 0.000000
23 1532486618 369345.800000 -1.000000 369345.800000 369345.800000 0.000000
23 1532486617 369345.800000 -1.000000 369345.800000 369345.800000 0.000000
23 1532486616 369345.800000 -1.000000 369345.800000 369345.800000 0.000000
23 1532486615 369345.800000 -1.000000 369345.800000 369345.800000 0.000000
23 1532486614 369345.800000 -1.000000 369345.800000 369345.800000 0.000000
23 1532486613 317113.400000 -1.000000 317113.400000 317113.400000 0.000000
23 1532486612 317113.400000 -1.000000 317113.400000 317113.400000 0.000000
23 1532486611 317113.400000 -1.000000 317113.400000 317113.400000 0.000000
23 1532486610 317113.400000 -1.000000 317113.400000 317113.400000 0.000000
23 1532486609 317113.400000 -1.000000 317113.400000 317113.400000 0.000000
23 1532486608 482549.800000 -1.000000 482549.800000 482549.800000 0.000000
23 1532486607 482549.800000 -1.000000 482549.800000 482549.800000 0.000000
23 1532486606 482549.800000 -1.000000 482549.800000 482549.800000 0.000000
23 1532486605 482549.800000 -1.000000 482549.800000 482549.800000 0.000000
23 1532486604 482549.800000 -1.000000 482549.800000 482549.800000 0.000000
